40.000000
12.586826
3.557377
1.308818
0.742718
0.599002
0.562280
0.552849
0.550417
0.549787
0.549624
0.549582
0.549571
0.549568
0.549567
0.549567
0.549567
0.549567
0.549567
0.549567
0.549567
0.549567
0.549567
0.549567
0.549567
0.549567
0.549567
0.549570
0.549578
0.549609
0.549731
0.550199
0.552008
0.559023
0.586337
0.693237
1.114336
2.787032
9.504434
30.000000
40.000000
20.138922
5.691804
2.094108
1.188348
0.958403
0.899648
0.884558
0.880667
0.879660
0.879399
0.879331
0.879313
0.879308
0.879307
0.879307
0.879307
0.879307
0.879307
0.879307
0.879307
0.879307
0.879307
0.879307
0.879307
0.879307
0.879308
0.879311
0.879325
0.879375
0.879569
0.880318
0.883213
0.894436
0.938139
1.109179
1.782938
4.459251
15.207094
30.000000
40.000000
21.554901
6.360416
2.375681
1.334860
1.063419
0.992646
0.974185
0.969366
0.968107
0.967777
0.967691
0.967668
0.967662
0.967661
0.967660
0.967660
0.967660
0.967660
0.967660
0.967660
0.967660
0.967660
0.967660
0.967660
0.967661
0.967662
0.967666
0.967683
0.967747
0.967992
0.968929
0.972513
0.986243
1.038880
1.240761
2.014859
4.978443
16.278879
30.000000
40.000000
21.830069
6.540109
2.464701
1.381713
1.094607
1.018626
0.998542
0.993237
0.991837
0.991467
0.991370
0.991344
0.991337
0.991335
0.991335
0.991335
0.991335
0.991335
0.991335
0.991335
0.991335
0.991335
0.991335
0.991335
0.991335
0.991336
0.991341
0.991361
0.991433
0.991708
0.992749
0.996694
1.011630
1.068135
1.281645
2.087015
5.117668
16.487735
30.000000
40.000000
21.885405
6.585468
2.490701
1.396112
1.103883
1.025959
1.005202
0.999678
0.998210
0.997819
0.997716
0.997688
0.997681
0.997679
0.997678
0.997678
0.997678
0.997678
0.997678
0.997678
0.997678
0.997678
0.997678
0.997678
0.997679
0.997680
0.997686
0.997706
0.997783
0.998073
0.999166
1.003273
1.018708
1.076655
1.293963
2.107915
5.152816
16.529865
30.000000
40.000000
21.896891
6.596595
2.497923
1.400376
1.106619
1.028041
1.007034
1.001422
0.999923
0.999523
0.999417
0.999388
0.999381
0.999379
0.999378
0.999378
0.999378
0.999378
0.999378
0.999378
0.999378
0.999378
0.999378
0.999378
0.999378
0.999380
0.999386
0.999407
0.999486
0.999783
1.000898
1.005071
1.020692
1.079123
1.297561
2.113695
5.161449
16.538639
30.000000
40.000000
21.899344
6.599291
2.499865
1.401600
1.107416
1.028633
1.007541
1.001895
1.000385
0.999981
0.999873
0.999844
0.999836
0.999834
0.999833
0.999833
0.999833
0.999833
0.999833
0.999833
0.999833
0.999833
0.999833
0.999833
0.999834
0.999835
0.999841
0.999863
0.999943
1.000243
1.001367
1.005564
1.021249
1.079832
1.298585
2.115247
5.163544
16.540519
30.000000
40.000000
21.899881
6.599941
2.500376
1.401943
1.107645
1.028801
1.007681
1.002024
1.000509
1.000104
0.999995
0.999966
0.999958
0.999956
0.999956
0.999955
0.999955
0.999955
0.999955
0.999955
0.999955
0.999955
0.999955
0.999955
0.999956
0.999957
0.999963
0.999985
1.000066
1.000367
1.001494
1.005700
1.021405
1.080033
1.298870
2.115655
5.164051
16.540933
30.000000
40.000000
21.900001
6.600098
2.500509
1.402038
1.107710
1.028849
1.007720
1.002059
1.000543
1.000137
1.000028
0.999999
0.999991
0.999989
0.999988
0.999988
0.999988
0.999988
0.999988
0.999988
0.999988
0.999988
0.999988
0.999988
0.999989
0.999990
0.999996
1.000018
1.000099
1.000401
1.001528
1.005737
1.021449
1.080089
1.298948
2.115761
5.164173
16.541025
30.000000
40.000000
21.900029
6.600136
2.500543
1.402063
1.107728
1.028862
1.007731
1.002069
1.000552
1.000146
1.000037
1.000007
1.000000
0.999998
0.999997
0.999997
0.999997
0.999997
0.999997
0.999997
0.999997
0.999997
0.999997
0.999997
0.999997
0.999999
1.000005
1.000026
1.000107
1.000410
1.001538
1.005748
1.021461
1.080105
1.298969
2.115788
5.164203
16.541047
30.000000
40.000000
21.900035
6.600145
2.500552
1.402070
1.107733
1.028866
1.007734
1.002072
1.000554
1.000148
1.000039
1.000010
1.000002
1.000000
0.999999
0.999999
0.999999
0.999999
0.999999
0.999999
0.999999
0.999999
0.999999
0.999999
1.000000
1.000001
1.000007
1.000029
1.000110
1.000412
1.001540
1.005751
1.021464
1.080109
1.298975
2.115795
5.164210
16.541052
30.000000
40.000000
21.900037
6.600147
2.500554
1.402072
1.107734
1.028867
1.007735
1.002072
1.000555
1.000149
1.000040
1.000010
1.000003
1.000001
1.000000
1.000000
1.000000
1.000000
1.000000
1.000000
1.000000
1.000000
1.000000
1.000000
1.000000
1.000002
1.000008
1.000029
1.000110
1.000413
1.001541
1.005751
1.021465
1.080110
1.298976
2.115797
5.164212
16.541053
30.000000
40.000000
21.900037
6.600148
2.500555
1.402072
1.107735
1.028867
1.007735
1.002073
1.000555
1.000149
1.000040
1.000011
1.000003
1.000001
1.000000
1.000000
1.000000
1.000000
1.000000
1.000000
1.000000
1.000000
1.000000
1.000000
1.000001
1.000002
1.000008
1.000030
1.000111
1.000413
1.001541
1.005752
1.021465
1.080111
1.298977
2.115797
5.164213
16.541053
30.000000
40.000000
21.900037
6.600148
2.500555
1.402072
1.107735
1.028867
1.007735
1.002073
1.000555
1.000149
1.000040
1.000011
1.000003
1.000001
1.000000
1.000000
1.000000
1.000000
1.000000
1.000000
1.000000
1.000000
1.000000
1.000000
1.000001
1.000002
1.000008
1.000030
1.000111
1.000413
1.001541
1.005752
1.021466
1.080111
1.298977
2.115797
5.164213
16.541053
30.000000
40.000000
21.900037
6.600148
2.500555
1.402073
1.107735
1.028868
1.007735
1.002073
1.000555
1.000149
1.000040
1.000011
1.000003
1.000001
1.000000
1.000000
1.000000
1.000000
1.000000
1.000000
1.000000
1.000000
1.000000
1.000000
1.000001
1.000002
1.000008
1.000030
1.000111
1.000413
1.001541
1.005752
1.021466
1.080111
1.298977
2.115797
5.164213
16.541053
30.000000
40.000000
21.900037
6.600148
2.500555
1.402073
1.107735
1.028868
1.007735
1.002073
1.000555
1.000149
1.000040
1.000011
1.000003
1.000001
1.000000
1.000000
1.000000
1.000000
1.000000
1.000000
1.000000
1.000000
1.000000
1.000000
1.000001
1.000002
1.000008
1.000030
1.000111
1.000413
1.001541
1.005752
1.021466
1.080111
1.298977
2.115797
5.164213
16.541053
30.000000
40.000000
21.900037
6.600148
2.500555
1.402073
1.107735
1.028868
1.007735
1.002073
1.000555
1.000149
1.000040
1.000011
1.000003
1.000001
1.000000
1.000000
1.000000
1.000000
1.000000
1.000000
1.000000
1.000000
1.000000
1.000000
1.000001
1.000002
1.000008
1.000030
1.000111
1.000413
1.001541
1.005752
1.021466
1.080111
1.298977
2.115797
5.164213
16.541053
30.000000
40.000000
21.900037
6.600148
2.500555
1.402073
1.107735
1.028868
1.007735
1.002073
1.000555
1.000149
1.000040
1.000011
1.000003
1.000001
1.000000
1.000000
1.000000
1.000000
1.000000
1.000000
1.000000
1.000000
1.000000
1.000000
1.000001
1.000002
1.000008
1.000030
1.000111
1.000413
1.001541
1.005752
1.021466
1.080111
1.298977
2.115797
5.164213
16.541053
30.000000
40.000000
21.900037
6.600148
2.500555
1.402073
1.107735
1.028868
1.007735
1.002073
1.000555
1.000149
1.000040
1.000011
1.000003
1.000001
1.000000
1.000000
1.000000
1.000000
1.000000
1.000000
1.000000
1.000000
1.000000
1.000000
1.000001
1.000002
1.000008
1.000030
1.000111
1.000413
1.001541
1.005752
1.021466
1.080111
1.298977
2.115797
5.164213
16.541053
30.000000
40.000000
21.900037
6.600148
2.500555
1.402073
1.107735
1.028868
1.007735
1.002073
1.000555
1.000149
1.000040
1.000011
1.000003
1.000001
1.000000
1.000000
1.000000
1.000000
1.000000
1.000000
1.000000
1.000000
1.000000
1.000000
1.000001
1.000002
1.000008
1.000030
1.000111
1.000413
1.001541
1.005752
1.021466
1.080111
1.298977
2.115797
5.164213
16.541053
30.000000
40.000000
21.900037
6.600148
2.500555
1.402073
1.107735
1.028868
1.007735
1.002073
1.000555
1.000149
1.000040
1.000011
1.000003
1.000001
1.000000
1.000000
1.000000
1.000000
1.000000
1.000000
1.000000
1.000000
1.000000
1.000000
1.000001
1.000002
1.000008
1.000030
1.000111
1.000413
1.001541
1.005752
1.021466
1.080111
1.298977
2.115797
5.164213
16.541053
30.000000
40.000000
21.900037
6.600148
2.500555
1.402073
1.107735
1.028868
1.007735
1.002073
1.000555
1.000149
1.000040
1.000011
1.000003
1.000001
1.000000
1.000000
1.000000
1.000000
1.000000
1.000000
1.000000
1.000000
1.000000
1.000000
1.000001
1.000002
1.000008
1.000030
1.000111
1.000413
1.001541
1.005752
1.021466
1.080111
1.298977
2.115797
5.164213
16.541053
30.000000
40.000000
21.900037
6.600148
2.500555
1.402073
1.107735
1.028868
1.007735
1.002073
1.000555
1.000149
1.000040
1.000011
1.000003
1.000001
1.000000
1.000000
1.000000
1.000000
1.000000
1.000000
1.000000
1.000000
1.000000
1.000000
1.000001
1.000002
1.000008
1.000030
1.000111
1.000413
1.001541
1.005752
1.021466
1.080111
1.298977
2.115797
5.164213
16.541053
30.000000
40.000000
21.900037
6.600148
2.500555
1.402073
1.107735
1.028868
1.007735
1.002073
1.000555
1.000149
1.000040
1.000011
1.000003
1.000001
1.000000
1.000000
1.000000
1.000000
1.000000
1.000000
1.000000
1.000000
1.000000
1.000000
1.000001
1.000002
1.000008
1.000030
1.000111
1.000413
1.001541
1.005752
1.021466
1.080111
1.298977
2.115797
5.164213
16.541053
30.000000
40.000000
21.900037
6.600148
2.500555
1.402073
1.107735
1.028868
1.007735
1.002073
1.000555
1.000149
1.000040
1.000011
1.000003
1.000001
1.000000
1.000000
1.000000
1.000000
1.000000
1.000000
1.000000
1.000000
1.000000
1.000000
1.000001
1.000002
1.000008
1.000030
1.000111
1.000413
1.001541
1.005752
1.021466
1.080111
1.298977
2.115797
5.164213
16.541053
30.000000
40.000000
21.900037
6.600148
2.500555
1.402073
1.107735
1.028868
1.007735
1.002073
1.000555
1.000149
1.000040
1.000011
1.000003
1.000001
1.000000
1.000000
1.000000
1.000000
1.000000
1.000000
1.000000
1.000000
1.000000
1.000000
1.000001
1.000002
1.000008
1.000030
1.000111
1.000413
1.001541
1.005752
1.021466
1.080111
1.298977
2.115797
5.164213
16.541053
30.000000
40.000000
21.900037
6.600148
2.500555
1.402073
1.107735
1.028868
1.007735
1.002073
1.000555
1.000149
1.000040
1.000011
1.000003
1.000001
1.000000
1.000000
1.000000
1.000000
1.000000
1.000000
1.000000
1.000000
1.000000
1.000000
1.000001
1.000002
1.000008
1.000030
1.000111
1.000413
1.001541
1.005752
1.021466
1.080111
1.298977
2.115797
5.164213
16.541053
30.000000
40.000000
21.900037
6.600148
2.500555
1.402072
1.107735
1.028867
1.007735
1.002073
1.000555
1.000149
1.000040
1.000011
1.000003
1.000001
1.000000
1.000000
1.000000
1.000000
1.000000
1.000000
1.000000
1.000000
1.000000
1.000000
1.000001
1.000002
1.000008
1.000030
1.000111
1.000413
1.001541
1.005752
1.021466
1.080111
1.298977
2.115797
5.164213
16.541053
30.000000
40.000000
21.900037
6.600148
2.500555
1.402072
1.107735
1.028867
1.007735
1.002073
1.000555
1.000149
1.000040
1.000011
1.000003
1.000001
1.000000
1.000000
1.000000
1.000000
1.000000
1.000000
1.000000
1.000000
1.000000
1.000000
1.000001
1.000002
1.000008
1.000030
1.000111
1.000413
1.001541
1.005752
1.021465
1.080111
1.298977
2.115797
5.164212
16.541053
30.000000
40.000000
21.900036
6.600147
2.500554
1.402072
1.107735
1.028867
1.007735
1.002072
1.000555
1.000149
1.000040
1.000010
1.000003
1.000001
1.000000
1.000000
1.000000
1.000000
1.000000
1.000000
1.000000
1.000000
1.000000
1.000000
1.000000
1.000002
1.000008
1.000029
1.000110
1.000413
1.001541
1.005751
1.021465
1.080110
1.298976
2.115797
5.164212
16.541053
30.000000
40.000000
21.900035
6.600145
2.500552
1.402070
1.107733
1.028866
1.007734
1.002072
1.000554
1.000148
1.000039
1.000010
1.000002
1.000000
0.999999
0.999999
0.999999
0.999999
0.999999
0.999999
0.999999
0.999999
0.999999
0.999999
1.000000
1.000001
1.000007
1.000029
1.000110
1.000412
1.001540
1.005751
1.021464
1.080109
1.298975
2.115795
5.164210
16.541051
30.000000
40.000000
21.900028
6.600135
2.500543
1.402063
1.107728
1.028863
1.007731
1.002069
1.000552
1.000146
1.000037
1.000007
1.000000
0.999998
0.999997
0.999997
0.999997
0.999997
0.999997
0.999997
0.999997
0.999997
0.999997
0.999997
0.999997
0.999999
1.000005
1.000026
1.000107
1.000410
1.001538
1.005748
1.021461
1.080105
1.298969
2.115788
5.164202
16.541046
30.000000
40.000000
21.899996
6.600093
2.500508
1.402038
1.107711
1.028850
1.007721
1.002060
1.000543
1.000137
1.000028
0.999999
0.999991
0.999989
0.999988
0.999988
0.999988
0.999988
0.999988
0.999988
0.999988
0.999988
0.999988
0.999988
0.999989
0.999990
0.999996
1.000018
1.000099
1.000401
1.001528
1.005738
1.021449
1.080090
1.298948
2.115760
5.164170
16.541022
30.000000
40.000000
21.899855
6.599922
2.500372
1.401946
1.107649
1.028805
1.007683
1.002025
1.000510
1.000104
0.999995
0.999966
0.999958
0.999956
0.999956
0.999956
0.999956
0.999956
0.999956
0.999956
0.999956
0.999956
0.999956
0.999956
0.999956
0.999958
0.999963
0.999985
1.000066
1.000368
1.001494
1.005702
1.021407
1.080036
1.298872
2.115651
5.164036
16.540913
30.000000
40.000000
21.899214
6.599211
2.499855
1.401618
1.107435
1.028645
1.007547
1.001899
1.000387
0.999982
0.999874
0.999845
0.999837
0.999835
0.999834
0.999834
0.999834
0.999834
0.999834
0.999834
0.999834
0.999834
0.999834
0.999834
0.999835
0.999836
0.999842
0.999863
0.999944
1.000245
1.001369
1.005570
1.021258
1.079846
1.298598
2.115238
5.163484
16.540422
30.000000
40.000000
21.896218
6.596276
2.497928
1.400471
1.106697
1.028086
1.007056
1.001433
0.999929
0.999527
0.999420
0.999391
0.999383
0.999381
0.999381
0.999381
0.999380
0.999380
0.999380
0.999380
0.999380
0.999380
0.999381
0.999381
0.999381
0.999383
0.999388
0.999410
0.999489
0.999788
1.000906
1.005088
1.020726
1.079181
1.297631
2.113697
5.161206
16.538133
30.000000
40.000000
21.881821
6.584297
2.490968
1.396584
1.104193
1.026115
1.005273
0.999712
0.998228
0.997832
0.997726
0.997698
0.997691
0.997689
0.997688
0.997688
0.997688
0.997688
0.997688
0.997688
0.997688
0.997688
0.997688
0.997688
0.997688
0.997690
0.997696
0.997716
0.997795
0.998089
0.999193
1.003328
1.018826
1.076886
1.294312
2.108104
5.151922
16.527168
30.000000
40.000000
21.810409
6.536718
2.467000
1.383874
1.095761
1.019136
0.998757
0.993336
0.991894
0.991510
0.991408
0.991381
0.991374
0.991372
0.991371
0.991371
0.991371
0.991371
0.991371
0.991371
0.991371
0.991371
0.991371
0.991371
0.991372
0.991373
0.991378
0.991399
0.991475
0.991760
0.992832
0.996863
1.012018
1.068999
1.283249
2.088695
5.115057
16.472951
30.000000
40.000000
21.443913
6.358603
2.390438
1.343900
1.067362
0.994183
0.974795
0.969654
0.968290
0.967928
0.967831
0.967806
0.967799
0.967797
0.967797
0.967797
0.967797
0.967797
0.967797
0.967797
0.967797
0.967797
0.967797
0.967797
0.967797
0.967798
0.967803
0.967822
0.967894
0.968163
0.969178
0.973001
0.987418
1.041838
1.247488
2.025759
4.976773
16.195481
30.000000
40.000000
19.494466
5.780548
2.173126
1.221728
0.970329
0.903802
0.886177
0.881504
0.880264
0.879934
0.879847
0.879823
0.879817
0.879816
0.879815
0.879815
0.879815
0.879815
0.879815
0.879815
0.879815
0.879815
0.879815
0.879815
0.879815
0.879817
0.879821
0.879839
0.879904
0.880149
0.881071
0.884546
0.897653
0.947126
1.134080
1.841599
4.524339
14.723165
30.000000
